20171239025
20171238762
20171238163
20171237615
20171237732
20171236578
20171236629
20171236570
20171236274
20171235659
20171235494
20171235149
20171234382
20171233683
20171219666
20171233847
20171233918
20171232217
20171232598
20171232286
20171231699
20171231156
20171230448
20171229444
20171229191
20171228952
20171229181
20171225324
20171226652
20171224282
20171224698
20171224707
20171216617
20171222883
20171222708
20171221626
20171221552
20171207494
20171221684
20171220240
20171219838
20171207956
20171217492
20171216623
20171212494
20171212746
20171211587
20171211862
20171211321
20171211519
20171211354
20171209696
20171210342
20171210161
20171200837
20171207637
20171207765
20171206932
20171207481
20171207115
20171205308
20171207091
20171207104
20171205713
20171204497
20171204769
20171203362
20171203825
20171201797
20171201789
20171202359
20171203071
20171202386
20171202099
20171201971
20171133710
20171200064
20171200351
20171140557
20171117622
20171139982
20171139519
20171140343
20171139687
20171138708
20171137998
20171138251
20171135024
20171137656
20171136657
20170924452
20171136111
20171135865
20171135235
20171117165
20171132178
20171134116
20171133770
20171132958
20171133256
20171133068
20171133227
20171132589
20171130413
20171132106
20171132801
20171124094
20171125136
20171132053
20171128487
20171130123
20171130551
20171129429
20171130187
20171130064
20171130197
20171124765
20171128292
20171128479
20171128946
20171127908
20171126964
20171127644
20171127340
20171127077
20171127151
20171126378
20171127388
20171127298
20171126634
20171124367
20171123585
20171124559
20171123952
20171121334
20171122633
20171123149
20171115020
20171113897
20171120956
20171122638
20171121879
20171120982
20171120004
20171120736
20171118842
20171116895
20171118170
20171114256
20171111218
20171116616
20171117166
20171115790
20171114102
20171113199
20171114107
20171113675
20171114408
20171112418
20171112459
20171113484
20171113000
20171113137
20171112663
20171111990
20171111309
20171108448
20171109959
20171108896
20171109946
20171110217
20171108908
20171107657
20171105727
20171108644
20171105134
20171104912
20171107170
20171107141
20171105259
20171106632
20171105558
20171105872
20171105586
20171104393
20171101884
20171103780
20171100945
20171103431
20171103012
20171102210
20171101795
20171100508
20171029577
20171101263
20171100561
20171025044
20171100056
20171029466
20171026484
20171029092
20171028944
20171028759
20171028583
20171026395
20171028604
20171026367
20171026345
20171027264
20171021254
20171026301
20171026804
20171026651
20171015321
20171025839
20171025425
20171006620
20171025591
20171025490
20171025377
20171023355
20171020144
20171024063
20171023671
20171023546
20171023525
20171022481
20171022424
20171022706
20170910389
20171022289
20171022427
20171019912
20171020759
20171019925
20171020506
20171020329
20171016904
20171018081
20171020365
20171009209
20171018606
20171018810
20171018446
20171017708
20171018134
20171017795
20171017713
20171016891
20171016182
20171016446
20171016326
20171015293
20171015157
20171014905
20171012738
20171013564
20171013280
20171013146
20171012327
20171011366
20171011052
20171012161
20171007986
20171012373
20171011549
20171011670
20171011233
20171010777
20171011383
20171011281
20171011236
20171010258
20171008818
20171010830
20171010161
20171010205
20171000732
20171009715
20171007783
20171007723
20171007713
20171007012
20171007889
20171008118
20171006217
20171007727
20170931171
20171007008
20171006914
20170919798
20171006561
20171006121
20171006256
20171004967
20171005378
20171005874
20171004679
20171005374
20171005042
20171004599
20171004374
20171004243
20171002779
20171003159
20170926099
20170925790
20171000886
20171000474
20171000494
20170930497
20170930295
20170928832
20170930050
20170930942
20170930582
20170930241
20170926626
20170929960
20170929479
20170929614
20170928596
20170929206
20170928340
20170929131
20170927323
20170923877
20170927696
20170927433
20170927342
20170927361
20170911158
20170926641
20170926252
20170927478
20170927547
20170926846
20170926462
20170926546
20170926746
20170926034
20170926473
20170926506
20170926603
20170921896
20170926255
20170925929
20170925168
20170926009
20170924983
20170923834
20170923953
20170922880
20170923427
20170923390
20170921876
20170921687
20170921659
20170921762
20170920892
20170921314
20170919865
20170920811
20170920266
20170920461
20170920306
20170919871
20170918629
20170918623
20170918665
20170920122
20170918530
20170918513
20170915630
20170918555
20170918160
20170915361
20170916446
20170918289
20170918009
20170916184
20170917169
20170916976
20170917312
20170916926
20170912678
20170908792
20170915837
20170915245
20170913892
20170914746
20170914690
20170914778
20170914205
20170910439
20170914348
20170914238
20170914132
20170913402
20170904453
20170912828
20170912226
20170913403
20170912888
20170911912
20170911822
20170911485
20170909848
20170909868
20170910753
20170910259
20170910676
20170909908
20170910084
20170910530
20170905829
20170908574
20170909298
20170909119
20170909116
20170909058
20170909009
20170830051
20170908744
20170908752
20170830021
20170908330
20170908241
20170904558
20170907530
20170907474
20170905715
20170907575
20170905998
20170907008
20170905590
20170906028
20170906053
20170901019
20170903286
20170905818
20170905632
20170826245
20170904464
20170903162
20170905089
20170904961
20170903960
20170904637
20170904252
20170904449
20170904251
20170904354
20170904415
20170904240
20170904253
20170904049
20170901973
20170903316
20170903542
20170902566
20170903353
20170903236
20170902869
20170902331
20170901583
20170901349
20170830358
20170901927
20170901417
20170901434
20170901546
20170901432
20170901426
20170900702
20170900649
20170829803
20170900234
20170827499
20170900500
20170900423
20170829585
20170900310
20170828147
20170829696
20170900064
20170830165
20170829695
20170828275
20170829092
20170828749
20170828660
20170828887
20170824573
20170820329
20170827846
20170828233
20170827704
20170825442
20170827142
20170826920
20170825860
20170826373
20170825094
20170825632
20170825787
20170825639
20170826215
20170824967
20170826019
20170824003
20170825823
20170825668
20170822161
20170824294
20170823428
20170823502
20170822393
20170820465
20170823263
20170823000
20170822031
20170823182
20170823152
20170821601
20170822565
20170822555
20170822443
20170819819
20170821452
20170821892
20170821682
20170821762
20170821657
20170821340
20170820900
20170821009
20170821276
20170821098
20170820913
20170819711
20170820787
20170819330
20170815307
20170819470
20170818808
20170819643
20170819795
20170816685
20170816377
20170819146
20170818615
20170818587
20170818781
20170818684
20170818612
20170818512
20170814019
20170817795
20170808360
20170815937
20170811199
20170817783
20170817383
20170817642
20170728698
20170817146
20170817302
20170816995
20170816668
20170816936
20170812780
20170816448
20170730498
20170816197
20170816104
20170815752
20170815795
20170815782
20170815885
20170800255
20170814349
20170814406
20170814264
20170813993
20170814095
20170814050
20170808349
20170813394
20170813256
20170812481
20170813237
20170811902
20170813069
20170813150
20170812968
20170812624
20170812725
20170811985
20170811430
20170808514
20170811422
20170811474
20170811554
20170811777
20170810101
20170810472
20170809869
20170810178
20170808707
20170808254
20170809086
20170808601
20170809213
20170808154
20170808347
20170809073
20170809132
20170808935
20170808921
20170808906
20170808736
20170808665
20170807817
20170807954
20170807710
20170807250
20170807279
20170807397
20170637771
20170807115
20170806846
20170805493
20170805675
20170805570
20170806468
20170806340
20170805711
20170727437
20170805528
20170804350
20170804444
20170805389
20170805057
20170802552
20170804433
20170804553
20170804537
20170804259
20170802953
20170804589
20170804291
20170803823
20170803019
20170803075
20170803098
20170802973
20170802962
20170730064
20170802203
20170802432
20170801680
20170802527
20170801983
20170801456
20170801939
20170702044
20170732696
20170733187
20170731831
20170731207
20170801110
20170800673
20170800420
20170732487
20170800787
20170800370
20170800598
20170800659
20170733177
20170800375
20170800336
20170733756
20170727971
20170732895
20170732897
20170732200
20170731594
20170725482
20170730286
20170731858
20170731928
20170731946
20170731789
20170730420
20170728040
20170731449
20170724898
20170726781
20170730133
20170725608
20170730552
20170724823
20170729719
20170727987
20170728324
20170614912
20170729285
20170725059
20170729156
20170722207
20170728549
20170728830
20170729081
20170717368
20170728753
20170727822
20170728255
20170727730
20170727656
20170727877
20170727773
20170727664
20170725485
20170721338
20170727413
20170726970
20170727522
20170727117
20170716821
20170726137
20170726462
20170726720
20170726680
20170725331
20170725469
20170725811
20170725572
20170725201
20170725405
20170723647
20170724227
20170722106
20170724124
20170715572
20170724129
20170724183
20170723574
20170723573
20170722640
20170723492
20170723114
20170722991
20170722917
20170723058
20170722600
20170722329
20170722583
20170634909
20170722816
20170722553
20170722454
20170721439
20170722172
20170720833
20170721004
20170719025
20170721177
20170720944
20170720876
20170720930
20170720612
20170719891
20170719902
20170719440
20170719793
20170719406
20170719881
20170719346
20170709185
20170719663
20170718199
20170711615
20170709373
20170718200
20170706448
20170717839
20170716754
20170717129
20170717506
20170717616
20170716824
20170716383
20170715770
20170716514
20170715452
20170712478
20170714252
20170714350
20170714809
20170712527
20170714397
20170714340
20170714949
20170714785
20170714679
20170714550
20170713121
20170714276
20170714108
20170713749
20170712099
20170713133
20170712567
20170713282
20170712771
20170712813
20170712993
20170712230
20170712690
20170712031
20170709647
20170711841
20170705789
20170711649
20170711621
20170711353
20170711701
20170708740
20170709926
20170711160
20170708765
20170710352
20170710071
20170701070
20170709012
20170709497
20170709178
20170709232
20170707787
20170708899
20170709220
20170709101
20170708939
20170708323
20170708773
20170708187
20170707074
20170707677
20170706939
20170707741
20170704747
20170635381
20170707309
20170707250
20170706090
20170706189
20170701064
20170706191
20170706345
20170706370
20170705815
20170705463
20170706004
20170704720
20170637489
20170702132
20170701923
20170704129
20170703184
20170704744
20170704986
20170637825
20170628692
20170704355
20170704559
20170704380
20170704804
20170704662
20170703959
20170703771
20170703926
20170704099
20170704365
20170621755
20170704305
20170703909
20170638701
20170702659
20170702642
20170701367
20170638763
20170703521
20170702131
20170702932
20170702788
20170630687
20170702399
20170700428
20170701320
20170701675
20170702639
20170702177
20170701887
20170701345
20170701715
20170700326
20170700998
20170700320
20170624806
20170701053
20170700273
20170700472
20170700408
20170700702
20170700313
20170700340
20170639357
20170639922
20170639562
20170639415
20170639471
20170639456
20170523433
20170639123
20170639158
20170638865
20170636234
20170625413
20170638281
20170637494
20170636518
20170637891
20170638366
20170638179
20170637957
20170637886
20170637334
20170637331
20170636509
20170632418
20170636847
20170635458
20170637016
20170628766
20170636188
20170636226
20170635216
20170635688
20170635631
20170634665
20170635651
20170635370
20170633480
20170635322
20170632703
20170623728
20170635230
20170635018
20170635081
20170634350
20170634691
20170634819
20170634587
20170634198
20170634448
20170633755
20170633878
20170634112
20170633130
20170633661
20170632572
20170630952
20170611861
20170632626
20170633049
20170633227
20170632736
20170633203
20170633011
20170629084
20170632594
20170610370
20170631145
20170631305
20170631296
20170631527
20170631445
20170630828
20170630901
20170630776
20170631347
20170626069
20170630567
20170631032
20170631027
20170630166
20170629421
20170630016
20170629993
20170629888
20170629607
20170629232
20170629024
20170628335
20170628910
20170628340
20170627811
20170625169
20170628086
20170627695
20170627305
20170627216
20170627179
20170622667
20170627639
20170627526
20170627107
20170626058
20170626106
20170626207
20170622852
20170624027
20170622697
20170625770
20170625803
20170625584
20170625843
20170624805
20170625472
20170617673
20170624544
20170622708
20170622418
20170622512
20170622160
20170620793
20170623553
20170623378
20170620632
20170618065
20170622621
20170622749
20170622628
20170621258
20170621430
20170619570
20170619441
20170620533
20170619841
20170619434
20170620800
20170620284
20170618990
20170619954
20170620049
20170619314
20170618855
20170618508
20170617926
20170616334
20170618349
20170617815
20170618987
20170618000
20170606389
20170618210
20170617665
20170616769
20170615851
20170617121
20170617704
20170609774
20170617377
20170616314
20170616494
20170617280
20170616930
20170611774
20170616080
20170615586
20170616789
20170610513
20170616657
20170615041
20170615783
20170614986
20170614810
20170614875
20170614509
20170614833
20170614736
20170614163
20170614074
20170614002
20170613762
20170612923
20170612957
20170611869
20170612531
20170612712
20170611765
20170612566
20170612023
20170610015
20170611394
20170611750
20170611571
20170611382
20170610949
20170610258
20170610719
20170608814
20170610389
20170610198
20170610711
20170610651
20170609118
20170610027
20170610224
20170608485
20170610014
20170609895
20170606739
20170607770
20170607206
20170608379
20170608098
20170608792
20170608298
20170608214
20170608222
20170600562
20170607716
20170608690
20170608726
20170608521
20170608380
20170608097
20170608089
20170608367
20170607747
20170608036
20170606372
20170608110
20170607652
20170607969
20170607706
20170607692
20170607274
20170606617
20170606973
20170600045
20170606873
20170604234
20170605478
20170606453
20170603331
20170604872
20170604577
20170605795
20170603878
20170604701
20170603853
20170604549
20170604385
20170604085
20170603627
20170603404
20170603153
20170602730
20170601392
20170602214
20170602008
20170602525
20170600042
20170601977
20170601811
20170602277
20170602510
20170602093
20170602613
20170602145
20170600912
20170601571
20170601341
20170529965
20170601932
20170601190
20170535250
20170601161
20170600577
20170600111
20170530192
20170600527
20170600750
20170600523
20170524649
20170537031
20170600105
20170536199
20170511171
20170535535
20170536589
20170536244
20170533830
20170536049
20170536299
20170536162
20170535634
20170528946
20170535554
20170535639
20170535635
20170534300
20170535006
20170534241
20170534441
20170533777
20170534060
20170534249
20170534139
20170520327
20170534082
20170534090
20170533026
20170525436
20170532879
20170532947
20170533184
20170532783
20170532057
20170533040
20170532875
20170527155
20170532273
20170527784
20170532211
20170532016
20170522363
20170532039
20170531853
20170530577
20170530501
20170529876
20170525758
20170530469
20170530164
20170530498
20170530369
20170529421
20170527754
20170528919
20170529496
20170529345
20170529486
20170524046
20170527036
20170528452
20170527764
20170528680
20170528760
20170528697
20170528574
20170527496
20170526010
20170527530
20170527367
20170526670
20170522309
20170525458
20170517209
20170526569
20170526464
20170526566
20170527000
20170522365
20170526726
20170526956
20170523518
20170520940
20170516100
20170525749
20170525871
20170525877
20170525698
20170525582
20170525554
20170525538
20170525680
20170524300
20170523066
20170523436
20170523664
20170505705
20170522680
20170523026
20170521104
20170522757
20170522657
20170521777
20170521499
20170520842
20170520708
20170521456
20170521620
20170521809
20170501646
20170514471
20170519698
20170520022
20170518752
20170520295
20170514953
20170519476
20170519517
20170520138
20170517923
20170519750
20170518927
20170519131
20170518877
20170518968
20170517315
20170516056
20170519600
20170519053
20170516565
20170518559
20170517457
20170518827
20170518030
20170516964
20170517354
20170516579
20170516799
20170517703
20170517450
20170515795
20170516927
20170516759
20170511386
20170516969
20170512529
20170515216
20170515340
20170515908
20170515073
20170514348
20170506139
20170511536
20170514616
20170514582
20170515051
20170510707
20170514481
20170514476
20170511587
20170513217
20170506645
20170513679
20170511921
20170513172
20170513647
20170513514
20170512315
20170513509
20170512751
20170512907
20170511380
20170512510
20170512331
20170512338
20170510878
20170511953
20170511993
20170510028
20170511236
20170511337
20170511157
20170511281
20170510981
20170509506
20170511315
20170511000
20170510962
20170511082
20170510423
20170509425
20170504942
20170510665
20170509857
20170508520
20170509714
20170509774
20170509305
20170509416
20170509691
20170508378
20170508119
20170506224
20170506096
20170509229
20170509309
20170403425
20170509402
20170509389
20170429172
20170506621
20170508543
20170508562
20170508745
20170507107
20170507141
20170425672
20170506922
20170507975
20170507158
20170442538
20170506668
20170506488
20170506722
20170505436
20170507114
20170506163
20170505586
20170505364
20170506047
20170505894
20170505852
20170505993
20170505319
20170505536
20170504979
20170505299
20170505108
20170505425
20170502277
20170505645
20170500599
20170505298
20170505259
20170505127
20170504947
20170501578
20170503795
20170503353
20170503558
20170502739
20170501146
20170502313
20170501707
20170501730
20170502763
20170502452
20170502139
20170442428
20170501705
20170501764
20170501032
20170442509
20170500725
20170432283
20170500824
20170500417
20170500279
20170422118
20170500655
20170346955
20170500416
20170440552
20170500170
20170441534
20170441042
20170442441
20170442439
20170438192
20170438269
20170441484
20170442210
20170440940
20170431225
20170441646
20170439500
20170441475
20170441043
20170441324
20170437605
20170440511
20170440780
20170425880
20170431574
20170440085
20170440433
20170438946
20170439811
20170437084
20170424188
20170439698
20170439573
20170439946
20170439613
20170437146
20170438666
20170432630
20170438782
20170433331
20170432969
20170436001
20170437739
20170436954
20170437974
20170434419
20170436952
20170436294
20170431230
20170436408
20170436875
20170436077
20170436559
20170433478
20170434432
20170436181
20170435704
20170434980
20170435546
20170418734
20170433908
20170431075
20170432676
20170431547
20170434972
20170431519
20170434544
20170434299
20170434393
20170433391
20170433931
20170434105
20170432088
20170433713
20170432972
20170422714
20170432717
20170431248
20170432278
20170431449
20170432454
20170432476
20170432180
20170432039
20170431475
20170431981
20170430719
20170431846
20170431829
20170430011
20170431835
20170425932
20170419322
20170431710
20170415968
20170420877
20170424521
20170430171
20170430557
20170430576
20170406578
20170409872
20170411120
20170425638
20170430409
20170430217
20170429314
20170429064
20170429725
20170430027
20170429180
20170428455
20170428053
20170425495
20170428305
20170428171
20170428222
20170427327
20170421195
20170425451
20170426845
20170422142
20170426781
20170426755
20170424437
20170422526
20170422673
20170412719
20170412753
20170421871
20170425620
20170424384
20170425132
20170425402
20170425009
20170425116
20170423127
20170424069
20170419143
20170422609
20170422096
20170418677
20170422146
20170420772
20170415095
20170421751
20170422168
20170421846
20170420835
20170421716
20170421047
20170418894
20170420116
20170420324
20170420568
20170420845
20170414383
20170420806
20170419277
20170419472
20170420173
20170418831
20170420276
20170419281
20170404522
20170401642
20170417962
20170415039
20170417683
20170416698
20170417764
20170417811
20170415152
20170418411
20170410077
20170414789
20170417872
20170417663
20170411702
20170417303
20170416030
20170407760
20170407096
20170344174
20170409622
20170416541
20170416264
20170413824
20170416344
20170305399
20170414513
20170415898
20170415813
20170414469
20170415635
20170413650
20170410252
20170414141
20170414441
20170414331
20170410554
20170410584
20170414590
20170412991
20170414333
20170413974
20170413212
20170412327
20170413554
20170413501
20170413466
20170409611
20170345860
20170411842
20170410511
20170410736
20170411250
20170410851
20170410055
20170409840
20170405405
20170409825
20170406679
20170343818
20170409661
20170408936
20170403323
20170408399
20170403255
20170409214
20170408825
20170408775
20170408555
20170345649
20170408193
20170407841
20170408317
20170407361
20170407891
20170403058
20170406831
20170407883
20170406542
20170406884
20170407171
20170406593
20170407107
20170405060
20170400112
20170406753
20170406713
20170406181
20170405578
20170404963
20170405850
20170400667
20170405432
20170404599
20170311773
20170351147
20170403843
20170405129
20170405296
20170403086
20170404003
20170404320
20170404414
20170404738
20170404130
20170404611
20170403491
20170402514
20170400603
20170402937
20170402995
20170403112
20170403085
20170403460
20170402659
20170348868
20170401324
20170349157
20170401778
20170400923
20170400563
20170315169
20170400830
20170400333
20170401225
20170400482
20170349591
20170400420
20170345584
20170350440
20170345654
20170344079
20170350254
20170350664
20170350917
20170350813
20170350650
20170350174
20170348343
20170341504
20170350905
20170350365
20170350655
20170350466
20170350377
20170350220
20170331825
20170348756
20170349691
20170349550
20170349167
20170348806
20170327676
20170349148
20170348933
20170346541
20170348837
20170348524
20170347746
20170347044
20170347809
20170348151
20170347345
20170347295
20170346748
20170346622
20170342855
20170341630
20170346834
20170346855
20170344092
20170346624
20170345276
20170333352
20170346514
20170345092
20170346656
20170341563
20170342602
20170337989
20170344738
20170343296
20170344825
20170344822
20170340111
20170344721
20170344131
20170344323
20170344484
20170313478
20170337840
20170342438
20170342509
20170342711
20170341899
20170341962
20170341590
20170340522
20170323123
20170339680
20170319070
20170337642
20170337087
20170338591
20170338448
20170315780
20170332523
20170332988
20170336406
20170337201
20170336735
20170336147
20170333027
20170336209
20170335878
20170335650
20170335782
20170335912
20170319714
20170335841
20170335083
20170324203
20170334723
20170332632
20170334034
20170331943
20170321774
20170333746
20170333936
20170332517
20170332143
20170329026
20170323198
20170333387
20170329004
20170333080
20170333223
20170332280
20170329830
20170333019
20170321285
20170332176
20170331425
20170331269
20170331267
20170324752
20170328287
20170326870
20170326652
20170321390
20170326368
20170323167
20170327240
20170327642
20170245204
20170326856
20170319752
20170324724
20170325790
20170324280
20170322147
20170316308
20170324948
20170324694
20170324124
20170323004
20170118614
20170319877
20170315681
20170322954
20170319458
20170321200
20170322360
20170315766
20170317795
20170318386
20170319517
20170315802
20170319932
20170316024
20170318893
20170319623
20170317480
20170315867
20170318292
20170314920
20170317092
20170315833
20170316265
20170315849
20170315870
20170316530
20170315355
20170313503
20170310552
20170314400
20170312231
20170314136
20170313570
20170313083
20170313718
20170312948
20170308692
20170312008
20170311804
20170310793
20170312393
20170311458
20170311221
20170308543
20170309813
20170308569
20170309988
20170308863
20170309439
20170303817
20170304956
20170305536
20170304864
20170304610
20170302695
20170302472
20170301629
20170302955
20170301729
20170302998
20170302613
20170300057
20170302830
20170302597
20170244963
20170300604
20170301113
20170245216
20170301106
20170300085
20170300524
20170300202
20170244714
20170244611
20170245473
20170245494
20170245145
20170244708
20170244570
20170243983
20170244583
20170242532
20170242783
20170242685
20170242535
20170240248
20170239625
20170240991
20170237242
20170240352
20170238813
20170239455
20170230667
20170238386
20170238662
20170236990
20170236132
20170235347
20170236084
20170234833
20170236113
20170234647
20170231651
20170232343
20170232154
20170230886
20170231185
20170232262
20170221540
20170231189
20170231413
20170227036
20170228951
20170229384
20170228717
20170227380
20170222493
20170225889
20170226074
20170225518
20170224693
20170223733
20170223280
20170221564
20170220324
20170220849
20170220932
20170220489
20170218331
20170218948
20170218288
20170217738
20170217784
20170217704
20170217507
20170215669
20170216114
20170215626
20170213367
20170213992
20170213471
20170206133
20170211514
20170102850
20170210004
20170211471
20170202278
20170207811
20170209250
20170202634
20170208928
20170207939
20170205414
20170205480
20170206408
20170202380
20170202173
20170204894
20170204798
20170203125
20170201923
20170203383
20170203221
20170202807
20170200398
20170201114
20170200009
20170129018
20170128572
20170128832
20170126328
20170122999
20170127179
20170128465
20170125622
20170125034
20170125078
20170124755
20170124062
20170123555
20170119276
20170118637
20170118188
20170115707
20170116717
20170115493
20170115577
20170112933
20170109984
20170109264
20170109407
20170107956
20170107665
20170107853
20170103628
20170107479
20170107251
20170105724
20170106346
20170106258
20170104653
20170103398
20170103704
20170100077
20170102383
20170102427
20170101921
20170100468
20170100748
20170100933
20170100456
20161233605